[2026-02-01 16:28:46] 📊 GLOBAL TRAINING REPORT
====================================================================
Quantile   | Cutoff     | Best Iter  | Score (Kaggle)  | Train Rows   | Val Rows    
-------------------------------------------------------------------------------------
0.880      | 3220.0     | 270        | 0.168897        | 4697363      | 640051      
0.881      | 3223.0     | 379        | 0.162003        | 4702500      | 634914      
0.882      | 3227.0     | 387        | 0.164466        | 4708575      | 628839      
0.883      | 3230.0     | 283        | 0.168325        | 4713474      | 623940      
0.884      | 3233.0     | 250        | 0.179651        | 4718559      | 618855      
0.885      | 3237.0     | 316        | 0.182742        | 4725065      | 612349      
0.886      | 3240.0     | 324        | 0.170601        | 4729944      | 607470      
0.887      | 3243.0     | 311        | 0.161732        | 4734768      | 602646      
0.888      | 3247.0     | 23         | 0.093576        | 4741024      | 596390      
0.889      | 3250.0     | 209        | 0.167564        | 4745675      | 591739      
0.890      | 3253.0     | 350        | 0.176098        | 4750405      | 587009      
0.891      | 3257.0     | 438        | 0.182077        | 4756992      | 580422      
0.892      | 3261.0     | 344        | 0.157532        | 4762550      | 574864      
0.893      | 3264.0     | 360        | 0.179910        | 4767652      | 569762      
0.894      | 3267.0     | 351        | 0.175589        | 4772706      | 564708      
0.895      | 3270.0     | 382        | 0.177659        | 4777805      | 559609      
0.896      | 3273.0     | 306        | 0.152391        | 4782604      | 554810      
0.897      | 3277.0     | 462        | 0.188941        | 4789414      | 548000      
0.898      | 3280.0     | 357        | 0.146305        | 4794688      | 542726      
0.899      | 3283.0     | 311        | 0.164626        | 4799838      | 537576      
0.900      | 3286.0     | 499        | 0.187046        | 4805111      | 532303      
-------------------------------------------------------------------------------------

Average Score: 0.167035
Best Score:    0.093576 (at q=0.888)
Worst Score:   0.188941
